0.481816
0.487262
0.492861
0.498618
0.504537
0.510621
0.516875
0.523303
0.529911
0.536702
0.543681
0.550855
0.558227
0.565803
0.57359
0.581592
0.589816
0.598269
0.606955
0.615883
0.625059
0.63449
0.644184
0.654148
0.664391
0.67492
0.685743
0.696871
0.708311
0.720074
0.732169
0.744606
0.757396
0.770549
0.784078
0.797993
0.812307
0.827031
0.842181
0.857767
0.873806
0.890311
0.907297
0.92478
0.942775
0.961301
0.980374
1.00001
1.02023
1.04106
1.06251
1.0846
1.10736
1.13081
1.15497
1.17987
1.20553
1.23197
1.25924
1.28734
1.31632
1.34621
1.37703
1.40882
1.44161
1.47544
1.51034
1.54636
1.58354
1.62191
1.66152
1.70242
1.74465
1.78827
1.83331
1.87984
1.92791
1.97759
2.02891
2.08197
2.1368
2.19349
2.25211
2.31272
2.37541
2.44026
2.50734
2.57675
2.64857
2.72291
2.79985
2.87951
2.96199
3.0474
3.13585
3.22748
3.3224
3.42076
3.52269
3.62833
