0 0.5
0.01 0.520889
0.02 0.440212
0.03 0.472832
0.04 0.645113
0.05 0.49915
0.06 0.467993
0.07 0.569405
0.08 0.596623
0.09 0.437032
0.1 0.635124
0.11 0.56029
0.12 0.702516
0.13 0.383151
0.14 0.396599
0.15 0.540412
0.16 0.527141
0.17 0.799679
0.18 0.645726
0.19 0.48883
0.2 0.789279
0.21 0.566015
0.22 0.406449
0.23 0.508694
0.24 0.53671
0.25 0.677094
0.26 0.828983
0.27 0.784425
0.28 0.689228
0.29 0.674741
0.3 0.921788
0.31 0.78713
0.32 0.892012
0.33 0.711346
0.34 0.70243
0.35 0.90946
0.36 0.820649
0.37 0.802296
0.38 0.829279
0.39 0.822931
0.4 0.980295
0.41 0.938776
0.42 0.896802
0.43 1.02754
0.44 0.867456
0.45 0.899302
0.46 0.957413
0.47 1.11389
0.48 0.820249
0.49 1.10744
0.5 1.03685
0.51 1.08979
0.52 1.12841
0.53 1.04122
0.54 1.2134
0.55 1.15582
0.56 1.36426
0.57 1.19488
0.58 1.16997
0.59 1.34853
0.6 1.36525
0.61 1.40366
0.62 1.3165
0.63 1.3382
0.64 1.44072
0.65 1.3655
0.66 1.39968
0.67 1.64782
0.68 1.63174
0.69 1.64135
0.7 1.52644
0.71 1.81657
0.72 1.8528
0.73 1.91116
0.74 1.76162
0.75 1.75051
0.76 2.0159
0.77 2.0032
0.78 1.91433
0.79 2.00246
0.8 2.09881
0.81 2.07129
0.82 2.27617
0.83 2.29507
0.84 2.34885
0.85 2.31219
0.86 2.5618
0.87 2.66972
0.88 2.53877
0.89 2.74408
0.9 2.99272
0.91 3.1019
0.92 3.09194
0.93 2.99959
0.94 3.21523
0.95 2.98968
0.96 3.40141
0.97 3.39211
0.98 3.62358
0.99 3.44202
